10,112
10,154
10,74
10,20
10,286
10,164
10,194
11,6
11,4
8,17
8,4
8,9
89,4
89,3
89,2
89,1
88,3
88,2
88,1
86,4
86,3
86,1
12,3
12,2
20,2
12,1
11,29
11,28
11,27
20,1
11,26
11,25
11,24
11,23
11,22
11,21
11,20
11,19
11,18
20,3
11,17
11,15
11,14
11,13
11,11
11,8
11,7
11,5
11,3
19,2
11,2
19,1
11,1
19,3
10,313
10,301
10,262
10,260
10,255
10,197
10,180
10,162
10,158
10,122
10,121
10,110
10,85
10,83
18,1
18,3
14,1
10,81
14,3
13,1
13,3
10,22
10,3
10,2
10,1
9,7
9,6
9,5
9,4
9,3
9,2
9,1
8,16
8,15
8,14
8,13
8,12
8,11
8,6
8,5
8,3
8,2
8,1
3,3
3,2
3,1
2,3
2,2
2,1
0,9
0,0
92,34
92,33
92,32
